
4032904
4032910
4032993
4033015
4033016
4033034
4033078
4033086
4033093
4033099
4033136
4033154
4033162
4033186
4033192
4033229
4033250
4033243
4033730
4033732
4033900
4033907
4033918
4034017
4034020
4034025
4034138
4034229
4034334
4034342
4034352
4034357
4034695
4034915
4034922
4034927
4034941
4034976
4034990
4035004
4035082
4035035
4035027
4035091
4035099
4035100
4035128
4035133
4035153
4035195
4035218
4035222
4035279
4035289
4035319
4035331
4035341
4035492
4035500
4035505
4035537
4035561
4035558
4035567
4035579
4035589
4035591
4035598
4035604
4035608
4035621
4035641
4035665
4035657
4035670
4035688
4035708
4035734
4035797
4035871
4037414
4037432
4037609
4037774
4037954
4038050
4038059
4046351
4046385
4046435
4046432
4046908
4046970
4046993
4046976
4047030
4047045
4048028
4048083
4048117
4048126
4048461
4048474
4048530
4048560
4048633
4048653
4048658
4048733
4048692
4048786
4048814
4048789
4048794
4048872
4048894
4048874
4048938
4048921
4048886
4050067
4050052
4050156
4050213
4050273
4050251
4050285
4050342
4050517
4050530
4050686
4050715
4051624
4051675
4051753
4051769
4051780
4051819
4051851
4052095
4052116
4052125
4052133
4052761
4053125
4053175
4053185
4053694
4053705
4053720
4053743
4054045
4054056
4054060
4054308
4054319
4054325
4054535
4054565
4054591
4054943
4066725
4067173
4067226
4067252
4067302
4067305
4067377
4067383
4067398
4068317
4068343
4068373
4068718
4068758
4068808
4068839
4068866
4068886
4068916
4069878
4069894
4069897
4069913
4069955
4069989
4069996
4070082
4070136
4070140
4070147
4070153
4070159
4070162
4070168
4070166
4070210
4070212
4070228
4070343
4070348
4070355
4070360
4070424
4070425
4070427
4070792
4070819
4070860
4070870
4070952
4071000
4071121
4071234
4071793
4071811
4071842
4071955
4071964
4072255
4072293
4072399
4101021
4101058
4101066
4101074
4101085
4101093
4101101
4101126
4101279
4101288
4101628
4101697
4101726
4101753
4101765
4101801
4101809
4101754
4101885
4101907
4102043
4102051
4102949
4103806
4104805
4105469
4105935
4106030
4106353
4106381
4106401
4106415
4106493
4106516
4107173
4107288
4107365
4107388
4107395
4107733
4107856
4108266
4108421
4108931
4109343
4109411
4109474
4109492
4109550
4109557
4109587
4110321
4110357
4110367
4110370
4111048
4111262
4111294
4111572
4111928
4112339
4112618
4112768
4112786
4112828
4112838
4112846
4112899
4113057
4113098
4113584
4114007
4114014
4114094
4114117
4114139
4114143
4114148
4114181
4120378
4120403
4120491
4120508
4120522
4120551
4120650
4120741
4120760
4120804
4120781
4120839
4120882
4120902
4120939
4121024
4121046
4121269
4122093
4122121
4122144
4122415
4122419
4122427
4122442
4122447
4122456
4123786
4123836
4124716
4125939
4126709
4126752
4126756
4126770
4126773
4127033
4127428
4127733
4128295
4128326
4129343
4129357
4129378
4129398
4129409
4129689
4129709
4129704
4129890
4130008
4130021
4130034
4130043
4130056
4130524
4130578
4130594
4130670
4132036
4132071
4132104
4204506
4204497
4204789
4205352
4205446
4205519
4205689
4207322
4208549
4208632
4208653
4208693
4208705
4208714
4208720
4208761
4208779
4208836
4208872
4208898
4208947
4208954
4208961
4208972
4209007
4209267
4211372
4211386
4211397
4211418
4211627
4211651
4211748
4211784
4211798
4211811
4211812
4211816
4211825
4211928
4211939
4211962
4211972
4212002
4212019
4212028
4212048
4212052
4257807
4258672
4258708
4258726
4258916
4258952
4259089
4259139
4259162
4259285
4259320
4259644
4260440
4264889
4265016
4265245
4265267
4265271
4265351
4265357
4265373
4265381
4265393
4265415
4265422
4265438
4265445
4265449
4265488
4265618
4268013
4268030
4268147
4268182
4268259
4268619
4268639
4269617
4336715
4336770
4336798
4338753
4338772
4340472
4340481
4340544
4340556
4340650
4340656
4340754
4341060
4341068
4341425
4341440
4341877
4341884
4341892
4342203
4342823
4342862
4342866
4342875
4468311
4468313
4468315
4468363
4468372
4468391
4468418
4468421
4468514
4468518
4468796
4470627
4472419
4472426
4472475
4472492
4472936
4473121
4473715
4473737
4473945
4474606
4507369
4507723
4507790
4507892
4507944
4508281
4508436
4508758
4509742
4509756
4509794
4513374
4513383
4513945
4513960
4513972
4513983
4515845
4515853
4523467
4523515
4523553
4523595
4523888
4523947
4524050
4524076
4524375
4524473
6815335
6815515
6815594
6819142
2162220834
2162243560
2162262452
2162329053
2371632746
2371637881
2371650612
2371656405
2374313256
2374319722
2374338087
2374342520
2386240104
2386246672
2387774458
2387806796
2387811461
2388493399
2392946608
2392958475
2393624166
2393647508
2393677683
2393694271
2393702283
2396284966
2396574832
2396602505
2396614002
2396652132
2398511252
2398558165
2398564565
2398673983
2398708426
2398717245
2398755872
2398915807
2398940036
2399199065
2399265780
2399284986
2404743833
2404771117
2404777548
2404785870
2404865265
2404883558
2407528931
2407533794
2407541364
2408437666
2410786562
2410795334
2410796635
2410806094
2410809272
2410813758
2410817738
2410821059
2410824629
2410828136
2410831966
2410838908
2410844437
2410857051
2410865952
2410876490
2414225228
2414229847
2414700869
2414715687
2414723166
2416007819
2416017720
2416029956
2416033720
2416039988
2416043850
2416048856
2416053613
2416058493
2417973756
2417992072
2418051940
2418067084
2418067638
2418083691
2418097505
2418144338
2418156019
2419418914
2419434471
2419457796
2419465138
2419488437
2419493987
2419513625
2419479069
2419572868
2419583539
2419860034
2420252943
2420263906
2420453835
2420484922
2420526371
2420568388
2420584096
2420593276
2420627387
2420650089
2420742985
2420748274
2420757523
2420768129
2420777440
2422170085
2423003862
2423066657
2424573686
2424582470
2424604102
2425143068
2427090198
2427102036
2429922811
2431179593
2437423761
2437573738
2437679077
2437693131
2437702945
2437708420
2437720108
2437733405
2437865702
2438525534
2438529058
2438530860
2438631754
2439116816
2439346036
2439357177
2439379175
2439385611
2439393660
2439402217
2439893134
2443710619
2449990619
2449997235
2450007030
2450018214
2450025514
2450033636
2450003761
2468673254
2468690362
2468697817
2468702047
2468706987
2468712941
2468846370
2468859617
2468865619
2468873310
2469983537
2469988736
2470006790
2470077442
2470086257
2470114640
2470123516
2470127680
2470131357
2470135807
2470151827
2470156260
2470182869
2471118481
2471525847
2471539589
2471667928
2471675989
2471684362
2471702701
2471713300
2471721247
2471728822
2471736800
2471744968
2471752587
2471762577
2471779119
2471789133
2471792759
2471806738
2471806934
2471813723
2471813530
2471821276
2471824251
2472030762
2472044139
2472051841
2472065956
2472074116
2472075331
2472082031
2472091597
2472119653
2472128817
2472136868
2472146376
2472393617
2472427375
2472754811
2472760090
2474007028
2474012502
2474022781
2474244145
2475391941
2475401175
2475405915
2475410984
2475418176
2475421745
2475425328
2475437057
2475437226
2475441708
2475442475
2475446564
2475465370
2475472238
2476432051
2476443687
2476459863
2476875315
2476926095
2476930987
2476934508
2477636947
2476451134
2477985507
2478069870
2478104151
2480153707
2480160062
2480168150
2480626170
2481706222
2481735328
2481758646
2483094511
2483100931
2483957972
2483970302
2483980833
2483991968
2484001895
2484011819
2484019488
2484031077
2484050646
2484190937
2484199569
2484237849
2484245118
2484254358
2484266365
2484272361
2484283572
2484289923
2484300201
2484308698
2484319390
2484333790
2484341435
2484348186
2484354554
2484365957
2484375230
2484412077
2484596121
2484608061
2484616052
2484633439
2484652188
2484657922
2484661977
2484668547
2484678972
2484690097
2484702468
2484712410
2484773972
2484782725
2484783506
2484794916
2484798806
2484809240
2486539297
2486555638
2486571015
2486579024
2486627552
2486685425
2486691349
2486800211
2486849778
2487052397
2487140243
2487146574
2487159952
2487188149
2487217838
2487236244
2487242812
2487252400
2487258114
2487287146
2487295326
2487349352
2487404638
2487416356
2491097288
2491136794
2491148151
2491160715
2493877718
2494382137
2495204380
2495215465
2495232783
2495242793
2495266733
2496189676
2499590956
2499596880
2499614266
2499639803
2501538806
2506762371
2507063880
2507069955
2507318158
2507348699
2512717077
2512727054
2512734627
2512912073
2513209647
2512918856
2514089192
2514864106
2515410229
2515586108
2515592713
2515602227
2515615373
2515629884
2515637053
2515642749
2515680717
2515876009
2515883831
2516146579
2516189114
2516212202
2519283045
2519290250
2519305781
2519315189
2519324118
2519331063
2519919291
2519928944
2519940293